function [t,Y] = import_paralytic_data(toPLot)
X{1} = [.225 11.88 3.585 20.88 6.825 62.52 10.065 78.36 13.425 84.36 16.785 87.6 20.025 88.32 23.385 86.4 26.625 86.64 29.985 73.68 33.345 62.52 36.585 66.72 39.825 87.84 43.185 104.28 46.545 109.32 49.785 105.36 53.145 102.96 56.385 104.4 59.745 100.92 62.985 93.72 66.345 94.92 69.585 101.16 72.945 107.52 76.185 115.32 79.545 117.24 82.785 117.96 86.145 123.6 89.505 126.36 92.745 129.96 96.105 130.44 99.345 131.16 102.705 135.48 105.945 133.68 109.305 132.96 112.545 135.24 115.905 135.96 119.145 135.84 122.505 136.44 125.865 136.68 129.105 140.52];

X{2} = [142.305 136.8 145.665 138.72 148.905 141.48 152.265 142.8 155.505 143.4 158.865 143.4 162.105 147.36 165.465 149.64 168.825 150.48 172.065 152.16 175.305 154.44 178.665 153.84 182.025 157.44 185.265 161.28 188.625 162.48 191.865 163.08 195.225 164.88 198.585 166.56 201.825 165.36 205.065 166.44 208.425 166.56 211.785 168.36 215.025 170.16 218.265 169.32 221.625 172.08 224.985 174.24 228.225 172.44 231.585 173.16 234.825 172.56 238.185 174.36 241.545 177.12 244.785 173.76 248.025 173.52 251.385 174.96 254.745 173.76 257.985 172.08 261.345 171.48 264.585 173.04];

X{3} = [4.185 .12 6.825 59.28 10.065 73.68 13.425 83.4 16.785 85.92 20.025 89.04 23.385 86.88 26.625 87.36 29.985 87.12 33.345 75.72 36.585 71.88 39.825 88.56 43.185 107.88 46.545 112.44 49.785 116.88 53.145 114.36 56.385 111 59.745 110.52 62.985 105 66.345 100.32 69.585 102.12 72.945 108.84 76.185 113.76 79.545 119.88 82.785 125.4 86.145 127.44 89.505 129.72 92.745 134.28 96.105 136.2 99.345 135.96 102.705 135.72 105.945 137.64 109.305 137.28 112.545 138.24 115.905 140.76 119.145 140.4 122.505 136.56 125.865 135.6 129.105 136.32];

X{4} = [142.305 142.32 145.665 143.88 148.905 145.08 152.265 147 155.505 147.84 158.865 147.6 162.105 147.84 165.465 149.4 168.825 151.08 172.065 154.08 175.305 153.96 178.665 156.48 182.025 157.32 185.265 159.6 188.625 159.36 191.865 167.64 195.225 167.16 198.585 163.8 201.825 163.44 205.065 167.88 208.425 169.2 211.785 171.72 215.025 172.92 218.265 171.72 221.625 171.6 224.985 173.28 228.225 171 231.585 173.4 234.825 172.92 238.185 174.84 241.545 177.72 244.785 178.44 248.025 180.12 251.385 179.28 254.745 182.16 257.985 183.24 261.345 180.96 264.585 179.52];

X{5} = [.225 11.88 3.585 20.88 6.825 62.52 10.065 78.36 13.425 84.36 16.785 87.6 20.025 88.32 23.385 86.4 26.625 86.64 29.985 73.68 33.345 62.52 36.585 66.72 39.825 87.84 43.185 104.28 46.545 109.32 49.785 105.36 53.145 102.96 56.385 104.4 59.745 100.92 62.985 93.72 66.345 94.92 69.585 101.16 72.945 107.52 76.185 115.32 79.545 117.24 82.785 117.96 86.145 123.6 89.505 126.36 92.745 129.96 96.105 130.44 99.345 131.16 102.705 135.48 105.945 133.68 109.305 132.96 112.545 135.24 115.905 135.96 119.145 135.84 122.505 136.44 125.865 136.68 129.105 140.52];

X{6} = [142.305 136.8 145.665 138.72 148.905 141.48 152.265 142.8 155.505 143.4 158.865 143.4 162.105 147.36 165.465 149.64 168.825 150.48 172.065 152.16 175.305 154.44 178.665 153.84 182.025 157.44 185.265 161.28 188.625 162.48 191.865 163.08 195.225 164.88 198.585 166.56 201.825 165.36 205.065 166.44 208.425 166.56 211.785 168.36 215.025 170.16 218.265 169.32 221.625 172.08 224.985 174.24 228.225 172.44 231.585 173.16 234.825 172.56 238.185 174.36 241.545 177.12 244.785 173.76 248.025 173.52 251.385 174.96 254.745 173.76 257.985 172.08 261.345 171.48 264.585 173.04];

X{7} = [.225 36.6 3.585 39.12 6.825 64.56 10.065 74.4 13.425 81.12 16.785 85.44 20.025 89.28 23.385 85.8 26.625 84.72 29.985 78.48 33.345 67.68 36.585 68.76 39.825 87 43.185 103.68 46.545 106.8 49.785 106.68 53.145 105 56.385 103.68 59.745 103.68 62.985 98.88 66.345 99.12 69.585 103.44 72.945 110.16 76.185 117.6 79.545 122.04 82.785 126.6 86.145 130.92 89.505 130.2 92.745 130.08 96.105 132.36 99.345 131.64 102.705 134.04 105.945 134.4 109.305 136.92 112.545 137.28 115.905 138.12 119.145 139.08 122.505 139.68 125.865 139.56 129.105 139.56];

X{8} = [142.305 140.64 145.665 142.8 148.905 142.56 152.265 143.88 155.505 145.08 158.865 145.92 162.105 148.44 165.465 150.36 168.825 151.8 172.065 153.72 175.305 154.8 178.665 155.88 182.025 158.76 185.265 159.96 188.625 163.44 191.865 163.56 195.225 168.36 198.585 168.12 201.825 166.56 205.065 167.88 208.425 167.4 211.785 168.84 215.025 168.72 218.265 169.68 221.625 171 224.985 176.52 228.225 177.24 231.585 176.88 234.825 176.4 238.185 176.76 241.545 179.88 244.785 178.44 248.025 176.28 251.385 176.64 254.745 175.68 257.985 177.48 261.345 176.64 264.585 178.92];

X{9} = [4.305 .12 6.825 62.4 10.065 76.32 13.425 82.2 16.785 86.04 20.025 89.04 23.385 86.88 26.625 82.2 29.985 69.36 33.345 70.08 36.585 82.2 39.825 94.56 43.185 103.32 46.545 109.44 49.785 110.64 53.145 108.72 56.385 104.88 59.745 100.92 62.985 97.68 66.345 103.08 69.585 110.4 72.945 110.52 76.185 110.52 79.545 113.16 82.785 113.04 86.145 112.68 89.505 116.4 92.745 117.6 96.105 117.36 99.345 115.8 102.705 114.96 105.945 117.12 109.305 117.48 112.545 117.84 115.905 115.92 119.145 117 122.505 117.84 125.865 118.8 129.105 120.12];

X{10} = [142.305 121.44 145.665 121.2 148.905 118.8 152.265 118.32 155.505 116.16 158.865 121.56 162.105 121.32 165.465 122.64 168.825 122.4 172.065 123 175.305 123.6 178.665 126 182.025 124.08 185.265 124.56 188.625 123.6 191.865 122.88 195.225 123.12 198.585 122.04 201.825 120.24 205.065 121.68 208.425 121.92 211.785 123.72 215.025 123 218.265 123.96 221.625 121.92 224.985 123.24 228.225 124.92 231.585 124.32 234.825 124.32 238.185 125.16 241.545 126.48 244.785 125.64 248.025 125.88 251.385 124.68 254.745 124.44 257.985 126.36 261.345 126 264.585 124.56];

X{11} = [2.745 .12 3.585 2.52 6.825 63.36 10.065 75.72 13.425 82.56 16.785 82.92 20.025 84.24 23.385 87.12 26.625 85.2 29.985 71.64 33.345 61.2 36.585 71.28 39.825 92.4 43.185 100.8 46.545 102.12 49.785 98.52 53.145 97.68 56.385 100.08 59.745 99.12 62.985 94.32 66.345 91.08 69.585 94.92 72.945 94.08 76.185 90.72 79.545 88.44 82.785 89.76 86.145 96.36 89.505 99 92.745 100.92 96.105 99.84 99.345 102.84 102.705 104.64 105.945 108.12 109.305 115.8 112.545 113.52 115.905 108.96 119.145 109.2 122.505 111.48 125.865 111.96 129.105 111.72];

X{12} = [142.305 109.8 145.665 112.2 148.905 110.16 155.505 110.64 158.865 109.92 162.105 110.88 165.465 115.44 168.825 117.36 172.065 116.52 175.305 114.24 178.665 115.92 182.025 113.16 185.265 109.8 188.625 113.52 191.865 115.44 195.225 116.4 198.585 113.64 201.825 112.08 205.065 114.24 208.425 115.44 211.785 113.52 215.025 114 218.265 117.24 221.625 117.24 224.985 117.24 228.225 114.72 231.585 111.72 234.825 111.24 238.185 116.76 241.545 113.64 244.785 111.48 248.025 113.16 251.385 115.2 254.745 115.92 257.985 114.12 261.345 115.56 264.585 119.52];

X{13} = [.225 30.12 3.585 33.6 6.825 61.8 10.065 75.24 13.425 81.6 16.785 85.32 20.025 87.36 23.385 86.16 26.625 80.4 29.985 66.72 33.345 61.68 36.585 68.76 39.825 89.76 43.185 103.44 46.545 104.88 49.785 103.56 53.145 103.08 56.385 101.76 59.745 96.72 62.985 90.24 66.345 95.76 69.585 98.88 72.945 102.84 76.185 111.72 79.545 113.28 82.785 110.28 86.145 112.56 89.505 114.36 92.745 120 96.105 120.48 99.345 119.64 102.705 118.44 105.945 119.52 109.305 118.8 112.545 117.96 115.905 118.08 119.145 119.52 122.505 118.08 125.865 118.08 129.105 119.04];

X{14} = [142.305 122.04 145.665 123.12 148.905 123.12 152.265 123.72 155.505 124.44 158.865 127.08 162.105 128.88 165.465 129 168.825 129.36 172.065 127.08 175.305 129.12 178.665 129.12 182.025 127.2 185.265 127.2 188.625 126.6 191.865 130.44 195.225 131.88 198.585 131.4 201.825 129 205.065 129.84 208.425 130.08 211.785 132 215.025 130.08 218.265 130.2 221.625 132.36 224.985 132.6 228.225 131.88 231.585 131.16 234.825 131.4 238.185 128.4 241.545 131.4 244.785 131.4 248.025 133.92 251.385 134.16 254.745 131.88 257.985 131.04 261.345 127.8 264.585 131.4];

