X = [27.975 97.938 30.64 98.898 33.144 99.537 35.33 100.176 37.248 100.816 39.113 102.042 40.872 103.321 42.418 103.641 43.857 103.161 45.296 103.801 46.681 105.24 47.8 107.265 49.079 109.93 50.145 111.848 51.264 111.848 52.224 110.09 53.29 108.704 54.248 108.064 55.048 107.105 55.954 106.785 56.754 106.146 57.553 105.826 58.352 106.946 59.098 108.544 59.898 109.77 61.177 111.369 61.976 112.488 62.616 112.488 63.202 111.529 63.842 111.209 64.321 111.529 64.961 112.808 65.601 113.554 66.027 112.808 66.667 111.529 67.146 112.168 67.626 113.554 68.266 114.033 68.745 113.874 69.225 113.074 69.651 113.234 70.131 114.033 70.61 114.513 71.09 113.554 71.41 112.488 71.89 112.648 72.37 113.874 72.689 113.714 73.115 113.074 73.435 113.874 73.915 114.993 74.234 117.018 74.714 118.137 75.034 117.337 75.514 117.018 76.153 117.658 76.419 117.337 76.899 118.296 77.219 120.055 77.539 120.642 77.858 118.936 78.178 116.698 78.498 116.272 78.817 117.337 79.137 119.416 79.457 119.736 79.777 118.137 80.043 116.538 80.363 116.272 80.683 117.497 80.843 117.177 81.162 115.792 81.482 114.993 81.802 112.914 82.122 109.93 82.281 108.224 82.601 107.744 82.921 108.224 83.081 108.864 83.347 108.544 83.667 108.224 83.827 107.904 84.147 107.585 84.307 107.744 84.626 108.385 84.946 108.864 85.107 109.77 85.426 110.409 85.586 108.97 85.906 108.97 86.065 110.09 86.385 111.688 86.546 114.194 86.652 117.018 86.971 117.658 87.131 116.538 87.451 116.272 87.771 116.272 88.091 117.817 88.251 119.576 88.41 120.162 88.73 119.416 88.89 118.457 89.05 116.538 89.37 114.833 89.53 113.874 89.69 114.033 89.849 113.874 90.116 112.648 90.276 112.007 90.436 112.914 90.596 114.033 90.755 113.714 91.075 113.394 91.235 113.714 91.395 112.808 91.555 111.529 91.714 111.049 91.875 112.168 92.034 112.808 92.355 111.369 92.514 110.729 92.834 112.328 92.994 114.033 93.154 114.993 93.314 114.993 93.474 115.792 93.581 115.952 93.74 114.833 93.9 112.808 94.06 112.328 94.22 112.648 94.38 112.168 94.539 111.209 94.699 111.848 94.859 112.328 95.019 112.007 95.179 111.848 95.339 110.889 95.499 110.729 95.658 110.889 95.819 111.209 95.978 111.848 96.138 112.914 96.298 113.874 96.458 114.033 96.618 112.914 96.725 111.369 96.884 110.57 97.044 110.889 97.204 112.168 97.204 114.353 97.364 116.272 97.524 116.859 97.685 116.112 97.844 114.194 98.003 113.074 98.164 112.328 98.323 113.394 98.323 115.152 98.483 115.792 98.643 114.353 98.803 112.168 98.963 111.209 99.123 111.049 99.283 111.529 99.283 112.808 99.442 112.488 99.602 111.848 99.762 111.529 99.923 110.889 99.923 110.729 100.082 110.729 100.242 111.529 100.349 111.688 100.508 111.209 100.508 111.688 100.668 112.328 100.828 111.369 100.988 110.889 100.988 110.57 101.148 111.209 101.308 112.328 101.468 112.488 101.468 112.914 101.628 114.833 101.788 114.833 101.948 112.914 101.948 111.209 102.107 111.369 102.267 113.554 102.427 115.152 102.427 113.874 102.587 112.168 102.746 110.889 102.746 110.25 103.066 111.848 103.227 112.808 103.227 112.007 103.387 111.209 103.492 111.529 103.492 112.007 103.652 113.234 103.814 113.394 103.814 113.714 103.973 114.673 104.133 114.993 104.133 115.632 104.293 116.698 104.451 117.817 104.451 116.431 104.612 115.952 104.774 116.112 104.774 115.152 104.932 113.074 105.092 110.889 105.092 110.57 105.252 111.049 105.252 111.529 105.57 112.168 105.57 112.488 105.732 113.074 105.891 113.074 105.891 112.808 106.052 112.328 106.052 111.688 106.21 112.648 106.37 114.993 106.37 115.312 106.53 113.714 106.53 113.394 106.689 113.554 106.851 114.194 106.851 114.833 107.011 114.194 107.011 113.714 107.116 112.914 107.277 111.688 107.277 111.369 107.437 111.688 107.437 112.007 107.596 112.648 107.596 113.714 107.757 112.808 107.917 111.049 107.917 110.25 108.076 110.25 108.076 111.529 108.236 113.074 108.236 113.554 108.395 114.033 108.556 113.874 108.556 112.328 108.717 110.409 108.717 109.61 108.875 109.93 108.875 111.049 109.036 112.808 109.036 115.632 109.195 116.112 109.195 114.833 109.354 114.353 109.354 114.993 109.514 116.112 109.677 114.513 109.677 113.234 109.835 112.328 109.995 113.234 109.995 113.714 110.154 113.394 110.154 114.353 110.26 115.152 110.26 115.312 110.422 115.952 110.422 115.632 110.635 114.353 110.635 113.554 110.741 113.394 110.901 113.554 111.06 112.808 111.06 112.488 111.221 112.648 111.221 113.554 111.38 115.952 111.38 116.272 111.54 114.353 111.54 114.033 111.699 113.714 111.699 113.394 111.861 112.914 111.861 112.808 111.861 113.074 112.02 112.808 112.02 113.234 112.18 113.394 112.18 113.554 112.34 113.714 112.34 112.914 112.499 112.914 112.499 113.714 112.66 114.194 112.66 114.033 112.819 112.808 112.819 111.209 112.98 110.57 112.98 112.007 113.138 112.914 113.138 112.648 113.298 111.049 113.298 110.409 113.459 110.889 113.459 112.328 113.618 114.033 113.618 115.632 113.777 114.833 113.777 114.033 113.886 114.513 113.886 115.792 114.045 115.952 114.045 114.673 114.205 112.914 114.205 111.049 114.364 109.45 114.364 108.97 114.524 110.25 114.524 111.529 114.683 111.049 114.683 111.369 114.846 112.648 114.846 113.394 115.005 114.033 115.005 113.394 115.164 111.848 115.164 110.57 115.323 110.729 115.323 111.369 115.483 111.209 115.483 110.889 115.643 111.529 115.643 113.714 115.804 114.833 115.964 113.874 115.964 112.914 116.124 111.209 116.124 109.77 116.282 109.77 116.282 111.688 116.443 112.488 116.443 111.209 116.602 110.409 116.602 112.168 116.764 112.914 116.764 112.808 116.923 112.808 116.923 113.074 116.923 111.688 117.082 111.369 117.082 111.688 117.243 112.007 117.243 111.369 117.401 111.529 117.401 111.369 117.401 111.529 117.51 112.914 117.51 112.328 117.67 112.328 117.829 111.688 117.829 111.369 117.989 111.688 117.989 112.007 118.149 111.688 118.149 111.848 118.149 111.688 118.308 111.529 118.308 112.007 118.469 112.808 118.469 113.874 118.629 113.874 118.629 111.369 118.789 110.889 118.789 111.049 118.948 111.049 118.948 110.57 119.108 111.049 119.108 112.914 119.267 115.632 119.267 117.177 119.267 115.632 119.429 112.914 119.429 110.729 119.588 111.369 119.588 111.688 119.748 111.209 119.748 110.889 119.748 111.688 119.908 112.808 119.908 113.554 120.067 114.194 120.067 115.312 120.067 114.513 120.226 112.914 120.226 110.889 120.387 112.648 120.387 115.472 120.546 113.714 120.546 112.914 120.546 113.074 120.653 111.049 120.653 110.25 120.653 111.049 120.814 110.889 120.814 110.25 120.973 110.409 120.973 111.688 120.973 110.729 121.133 110.57 121.133 111.529 121.293 111.848 121.293 111.688 121.293 111.848 121.452 111.848 121.452 109.61 121.613 109.45 121.613 112.168 121.773 112.488 121.773 112.648 121.773 112.168 121.933 110.889 121.933 111.049 122.092 110.09 122.092 109.77 122.092 109.93 122.252 110.09 122.252 111.529 122.412 112.328 122.412 112.808 122.412 111.688 122.573 111.209 122.573 111.529 122.732 112.328 122.732 115.312 122.891 115.952 122.891 113.234 123.052 113.074 123.052 113.234 123.211 113.554 123.211 111.688 123.371 111.688 123.371 111.848 123.371 111.688 123.532 112.488 123.532 114.033 123.692 113.394 123.692 112.648 123.692 113.874 123.851 115.152 123.851 112.168 124.011 111.848 124.011 112.328 124.171 111.209 124.171 109.77 124.171 110.57 124.277 111.688 124.277 112.488 124.277 112.328 124.436 111.369 124.436 115.952 124.598 114.513 124.598 110.57 124.757 111.209 124.757 111.688 124.917 112.648 124.917 114.673 124.917 114.353 125.076 113.714 125.076 112.808 125.238 112.168 125.238 110.57 125.238 110.729 125.397 112.808 125.397 116.112 125.557 114.993 125.557 113.394 125.717 113.394 125.717 113.714 125.717 112.168 125.876 111.369 125.876 114.033 126.036 115.152 126.036 115.472 126.036 114.194 126.196 113.394 126.196 110.889 126.356 110.729 126.356 114.033 126.515 114.194 126.515 112.168 126.677 113.234 126.677 114.194 126.677 113.074 126.836 112.648 126.836 113.234 126.836 112.808 126.995 112.488 126.995 115.952 127.155 115.792 127.155 116.538 127.155 114.673 127.315 113.394 127.315 112.914 127.315 117.658 127.422 116.112 127.422 112.328 127.583 112.328 127.583 114.194 127.742 115.472 